size is 13
01: 00000001 10000000 00000000 00001000
42: 01000010 01000010 00000010 00010000
03: 00000011 11000000 00000001 00000011
ff: 11111111 11111111 00001111 00000001
e3: 11100011 11000111 01000011 10000000
7d: 01111101 10111110 01111101 00011111
88: 10001000 00010001 10001000 00000000
aa: 10101010 01010101 10101010 10101000
01: 00000001 10000000 00000001 00001000
01: 00000001 10000000 00000001 00001000
bb: 10111011 11011101 00000000 11101100
cc: 11001100 00110011 10001000 11000000
00: 00000000 00000000 00000000 00000000
